# Camera parameter file. 

# The format of each camera is as follows:
# Filename (of the undistorted image in visualize folder)
# Original filename
# Focal Length (of the undistorted image)
# 2-vec Principal Point (image center)
# 3-vec Translation T (as in P = K[R T])
# 3-vec Camera Position C (as in P = K[R -RC])
# 3-vec Axis Angle format of R
# 4-vec Quaternion format of R
# 3x3 Matrix format of R
# [Normalized radial distortion] = [radial distortion] * [focal length]^2
# 3-vec Lat/Lng/Alt from EXIF

# The nubmer of cameras in this reconstruction
7

00000000.jpg
D:\software\xampp\xampp\htdocs\3D_demo\info.cs.bupt.edu\daisy\themes_basic\video_param\新建文件夹68.jpg
1364.70422363
360 640
0.791155205853 -0.0652499114295 -0.955743382157
-0.743702792323 0.138567322801 0.985562672294
0.0265043386656 -0.042355066038 0.0619630111981
0.999208250214 0.0132486716808 -0.0211719436215 0.0309733286339
0.997185763997 -0.0624586364041 -0.0414896422332
0.0613365856262 0.997730364315 -0.0277879071513
0.0431310807256 0.0251648210399 0.998752380868
-0.396996578367
0 0 0

00000001.jpg
D:\software\xampp\xampp\htdocs\3D_demo\info.cs.bupt.edu\daisy\themes_basic\video_param\新建文件夹70.jpg
1341.30541992
360 640
-0.6167741809 -0.0584931626821 -1.51841886243
0.575075351697 0.0210045703043 1.53566684802
0.0357784833204 0.0312674747612 0.154452809921
0.996737802467 0.0178697846797 0.0156167335674 0.0771424107541
0.987611269019 -0.153223348035 0.0338886482332
0.154339679853 0.987459848513 -0.0332135533606
-0.0283745065575 0.0380324062881 0.998873869939
-0.289909479791
0 0 0

00000002.jpg
D:\software\xampp\xampp\htdocs\3D_demo\info.cs.bupt.edu\daisy\themes_basic\video_param\新建文件夹71.jpg
1333.47766113
360 640
-1.08668571684 -0.254570595003 -1.70466049212
0.988163505733 0.105168295302 1.77877189052
0.0245115824866 0.0754473929616 0.18467950229
0.994954446774 0.0122351718859 0.0376602294744 0.0921843971335
0.980167948476 -0.182516992566 0.0771962511746
0.184360110838 0.982705258372 -0.0174034542665
-0.0726845999539 0.0312903004331 0.996864197776
-0.272325912244
0 0 0

00000003.jpg
D:\software\xampp\xampp\htdocs\3D_demo\info.cs.bupt.edu\daisy\themes_basic\video_param\新建文件夹69.jpg
1363.25073242
360 640
-0.0192132492517 0.0371500760502 -1.116402532
0.0193468744382 -1.11022302463e-016 1.11701778093
0.0352558391821 -0.00207552846213 0.117592693125
0.998116344655 0.0176168498922 -0.00103711255249 0.0587594245736
0.993093189965 -0.117334069036 3.46944695195e-018
0.117260899242 0.992474272186 -0.035289239453
0.00414063595955 0.0350454238218 0.999377487718
-0.341264778161
0 0 0

00000004.jpg
D:\software\xampp\xampp\htdocs\3D_demo\info.cs.bupt.edu\daisy\themes_basic\video_param\新建文件夹66.jpg
1363.68322754
360 640
2.15708322752 -0.107229239066 -1.17078134543
-1.94310430379 0.0162439324162 1.50309999185
0.0554396395982 -0.163279615178 -0.0804011703755
0.995478734365 0.0276780309705 -0.0815167320444 -0.040139981065
0.983488469401 0.0754044014704 -0.164518272392
-0.0844295887214 0.995245066781 -0.0485616074407
0.160074420588 0.0616499575202 0.985178106106
-0.278884098901
0 0 0

00000005.jpg
D:\software\xampp\xampp\htdocs\3D_demo\info.cs.bupt.edu\daisy\themes_basic\video_param\新建文件夹67.jpg
1351.51403809
360 640
1.53877618371 0.0459242346637 -1.12600777586
-1.41244756286 -2.22044604925e-016 1.28172887313
0.0535008792025 -0.104574187031 -0.0125624070357
0.998255995889 0.0267348868336 -0.052256693678 -0.00627755161156
0.994459456162 0.00973910908075 -0.1046667133
-0.0153273050622 0.998492057774 -0.0527203925579
0.103995517858 0.0540326517661 0.993108619376
-0.272095984354
0 0 0

00000006.jpg
D:\software\xampp\xampp\htdocs\3D_demo\info.cs.bupt.edu\daisy\themes_basic\video_param\新建文件夹72.jpg
1294.17126465
360 640
-1.89558405942 -0.346679215597 -1.9694110778
1.68858934897 -1.11022302463e-016 2.17730773536
0.030180067943 0.118283213329 0.227292746555
0.991691118801 0.0150482170084 0.0589777155571 0.113331440508
0.967355500181 -0.223004607546 0.120386227858
0.226554524584 0.9738591582 -0.0164783052922
-0.113564479042 0.0432144273521 0.992590442057
-0.229366776815
0 0 0

